,null_deg,sixty_deg,ninety_deg,straight_angle,twofourty_deg,labels
0,0.4016110610894737,0.22197560730900892,0.3518790108512395,0.4227448200801012,0.1735210267284135,R
1,0.8887178202745554,0.5198564366507049,0.9615647264721032,0.5261581961072738,0.6211611782096794,M
2,0.43232119096397276,0.16280440535368662,0.4695447344322276,0.48394062559015877,0.30525763241123494,R
3,0.028552326060931683,0.46109875694436,0.4734327845469268,0.4491306449161127,0.3629951884546346,R
4,0.1338317820352159,0.3160799570928488,0.43442786840340875,0.16928609671668177,0.17743131858775038,R
5,0.9048279425468344,0.5024826798514531,0.6083967802503254,0.6200449727540093,0.6146257781377389,M
6,0.763946910390815,0.9818782765209129,0.9754843721065374,0.4615951767920342,0.7374334973292127,M
7,0.7407673945952489,0.6793401384738058,0.4799827812438336,0.6611251085566306,0.6992666856987553,M
8,0.23653093763856617,0.4993406435441717,0.5689954649141703,0.3077886745714204,0.10560855724919425,R
9,0.4857473423815446,0.7956778063475937,0.6910827710012449,0.6194510403397846,0.7260168976350615,M
10,0.4055164554698146,0.028007998058714244,0.1154503192393463,0.1238706439615277,0.2613569846922498,R
11,0.595484342836522,0.7642956955048308,0.5548882122723242,0.8897901066373538,0.848823823009035,M
12,0.17736907655919185,0.39137500207265574,0.0475110585143712,0.45692126707347963,0.008420677227473295,R
13,0.8599454526826606,0.7014378614498815,0.7621797860598043,0.45978059998361154,0.7127607868509431,M
14,0.831098375937731,0.5979636951252255,0.6399627095080829,0.553475199632237,0.9396451521780544,M
15,0.40627760716606676,0.1117499548898446,0.5581625100951014,0.21866808927786613,0.22621298585970112,R
16,0.8324384840015109,0.8375354225960836,0.6250479997874822,0.6639004422479592,0.5368454548277588,M
17,0.25393499024367766,0.48223844085282874,0.10684708006687163,0.12629430238854275,0.0742926572505045,R
18,0.7881334031389371,0.5662265869232469,0.6750282016690411,0.7969675294703819,0.6196110877567631,M
19,0.18626354451279378,0.19024899633675857,0.04831426050503725,0.3363974773787641,0.4206339999002991,R
20,0.6517373955508532,0.968865971694475,0.6122288140287335,0.7121949297591688,0.9064221626540316,M
21,0.45549080510352663,0.6660512805713085,0.8062817335701197,0.6195811707551704,0.53233326969601,M
22,0.4672346704968593,0.581898984957935,0.7070804619213269,0.71210361992027,0.9786380994298685,M
23,0.8744884318331398,0.9133529338220565,0.518237671598466,0.9747933575165191,0.7324029194328854,M
24,0.470556519063166,0.49923324460010293,0.909016044647125,0.995654272513478,0.8901361618949206,M
25,0.5266585055758689,0.6078828444832333,0.9062162016958029,0.4719836454497748,0.4985602182828366,M
26,0.06949011934519744,0.3213759925498043,0.5013886024982862,0.3976411219448254,0.35145395347658487,R
27,0.5518164703502342,0.5576016939235948,0.20679152583605903,0.2938241195280374,0.20438269370309362,R
28,0.8246292457712392,0.6051454830769986,0.6335168065209182,0.4602422480976519,0.5328400693979981,M
29,0.28294548964948063,0.051005213686549915,0.235437295526738,0.2948870763944899,0.20812277886762726,R
30,0.9801936244681217,0.7061033131863241,0.8243569293493923,0.8940387199883889,0.9190924365246746,M
31,0.8787646773056662,0.8649157475422797,0.6949856806899037,0.5818019314762863,0.6512390579126446,M
32,0.8010413924896799,0.8836776743622776,0.9164486455057594,0.787894074206301,0.835125954114029,M
33,0.1941745116497981,0.02424880897939795,0.07860114450281441,0.010292936517916764,0.5364082805652075,R
34,0.1425971894211835,0.10300502774775118,0.3066780176801317,0.5295983910200246,0.1246427592467913,R
35,0.5501465206419968,0.804510190393747,0.9626496477816666,0.8892021104587327,0.49478685485724494,M
36,0.08398119065255917,0.0568608322837347,0.05215504248139492,0.5587664114606624,0.05221624317495673,R
37,0.910416151838497,0.7168350265385288,0.7010967130899033,0.8885424949877793,0.6410038164144466,M
38,0.5875053238785197,0.7891182530501999,0.838774846966218,0.823379938589673,0.4867360625482877,M
39,0.875144845738928,0.6644131840864982,0.799747154344744,0.8915708043895254,0.8693301331399326,M
40,0.4704814841212817,0.5524977024199667,0.45721164850967944,0.14874143326530692,0.23442271843310486,R
41,0.37290339413075263,0.4290138349607909,0.2071921523004533,0.2602086715310002,0.3451316504969394,R
42,0.12724297600869386,0.1982840720932527,0.09737050442119803,0.10273685646465426,0.26030207176838227,R
43,0.5712292135114198,0.45087582515715985,0.9212639829993869,0.8209758203612914,0.6059393871630508,M
44,0.6797450362820436,0.7285235997991674,0.5084092155629873,0.9806185293825764,0.893116265087031,M
45,0.8262031811043878,0.5885869882069139,0.8369864460288543,0.5388962201016204,0.42798319352145536,M
46,0.7585340030194478,0.837282724098273,0.45360902632066796,0.47627350660789675,0.8819702802641475,M
47,0.38246499345782264,0.4429188924351876,0.495864452878509,0.02632596393644913,0.41650381864428987,R
48,0.4517110121754521,0.1869201021894437,0.18232703377693915,0.21996208577946672,0.35577142312403925,R
49,0.9594471665614923,0.9029540785511052,0.5629615870406799,0.4759466718251132,0.8751005003396153,M
50,0.34633730387419864,0.32873991021093096,0.44894103695314774,0.41330308312539965,0.29486377850132206,R
51,0.31557378054567997,0.20831914102785754,0.10028326508365694,0.30172675473559857,0.2921506258940367,R
52,0.42289175149135694,0.5656388842459962,0.12199289377197292,0.3863354918415227,0.16207420918124946,R
53,0.3154784879800485,0.08461711466433441,0.14076758456955182,0.2912332335737936,0.5256541225321343,R
54,0.824321428598542,0.7918265624425017,0.9037156174785864,0.5689013009695871,0.9096718521866599,M
55,0.2877717035488807,0.5087165543385117,0.5354715940034912,0.27152349481932264,0.23379722113627352,R
56,0.021277877905290836,0.5300853075861405,0.35764086422786356,0.21772674503968778,0.49413588766566835,R
